0.03563636900886657
0.03563636900886657
0.03563636900886657
0.03563636900886657
0.03563636900886657
0.03563636900886657
0.03616915600226387
0.0360515444382853
0.03864743721399718
0.03693264038457553
0.03824649813766019
0.03672146632180385
0.039041091129748795
0.04089120224764229
0.047394316234453074
0.04072552947742615
0.048088000792026006
0.049223094314252216
0.051428996180792434
0.05214624164583846
0.06324078675098825
0.06065556060356244
0.0581319648008081
0.06640071395474446
0.06897948895535977
0.07816107422261329
0.07662932640385071
0.07665830814519803
0.07560294250431684
0.07377005415424381
0.07137024991962775
0.07940598016836276
0.10051393160086843
0.0980317534440642
0.08992448440235208
0.10012639629538764
0.1064014308223177
0.10107433372482885
0.10229131077445891
0.1015448862069463
0.10485267543795806
0.1045700098196316
0.10103449420603676
0.1074356601196162
0.10764924682855202
0.09985760355293648
0.10528986794279087
0.12072161406363331
0.10808242287262233
0.1003448810963447
0.10252377934920075
0.10463150504389435
0.10326548722127664
0.10580539905703182
0.10640596183150959
0.1069770407215851
0.1132717390182397
0.10253939563526948
0.11052876479700989
0.11325682109445061
0.1087417838571741
0.10973943902208144
0.10558082160358954
0.08914601202607446
0.1042012222607341
0.0929254935736541
0.10168917379650322
0.1017206823287934
0.11000510782258215
0.10208105416813977
0.09090143122982913
0.11428063393344988
0.10429002971227261
0.10058584171539901
0.10611562473243959
0.09618763292537152
0.1119116626148026
0.10806291660431182
0.1023568197639558
0.10506596542302825
0.10140806548734371
0.10289517107913501
0.1044994902477282
0.11254896360293405
0.10356123145910688
0.09649208184820544
0.10877649372049204
0.10157962621807297
0.10938062241140106
0.09568950001723148
0.09473537226450979
0.0930664170179479
0.09797828715424929
0.10264131089029246
0.10890125314883961
0.10615607798597021
0.09823780084609227
0.10337201263801747
0.09813428993256708
0.11201512489859149
0.10757153264646047
0.10205006571573653
0.10317728588290151
0.09693412147172228
0.1000486349034781
0.09836463829954097
0.10093773120832882
0.10093306425104878
0.09939995683095133
0.10183311694633515
0.10040742497353364
0.1012595880564936
0.09998368631094913
0.0967703456217465
0.1015603946571251
0.09975861063778721
0.09909467048122131
0.09904886749735572
0.10028699904615551
0.09860547370255347
0.09551199594079966
0.0989833066423834
0.09729516813484983
0.09740965769497555
0.09819908136276385
0.09427597194044576
0.09674964308385936
0.09370716363492257
0.09889034127819968
0.09494107854611991
0.0933738663319389
0.09719162452702564
0.09570504100300692
0.10132422797353072
0.09892715655145243
0.09617459069456112
0.09628056976103434
0.0967568639316322
0.09617141419471219
0.10223313695923121
0.09721022544299832
0.09487876687722592
0.09660844611068659
0.09983335478531823
0.09845131404229121
0.09955419964477223
0.09612468897773646
0.09591167991310355
0.09910892084287329
0.094707063054176
0.09570734126518607
0.09473386218923732
0.09935700634783358
0.0934283764241922
0.09997083368574647
0.09886867959180469
0.09612123982579857
0.09702052522375025
0.09713666407462451
0.09908237053591591
0.09671515749478396
0.09902289650951152
0.09612368139052525
0.10051560022808836
0.0956615762759607
0.09465780755935356
0.09954678898501952
0.09455454922412722
0.09629588131764248
0.09330303107527377
0.09953384285773981
0.09573670582797174
0.09463994587399396
0.09566659824079839
0.09628007724398005
0.09883564378174559
0.09405332477485234
0.09597211907415426
0.09679621870098394
0.0967879949746195
0.09825686333352181
0.09932388661197851
0.09708081227400929
0.09954407185954121
0.09566901322148695
0.09911192859946556
0.0963924341160405
0.09859205275804256
0.09737670250033116
0.09806525868884876
0.09752997182832084
0.09702661924111607
0.09702278758514746
0.09618660800351238
0.09691629199808154
0.0978888896339918
0.09357506820404826
0.09697346448620088
0.09601384550133171
0.0992682711862866
0.03563636900886657
0.03563636900886657
0.03563636900886657
0.03563636900886657
0.03563636900886657
0.03563636900886657
0.035738857571575196
0.035644748674913934
0.03565876616331195
0.037628007410772525
0.03956308485290298
0.0388318542812705
0.05457666937071183
0.047653641885805044
0.05684321788621015
0.04717702947847402
0.05738293285320427
0.04538143185876056
0.0562027983511992
0.052563476600013495
0.06779728117651246
0.06699947893635622
0.05877574631527407
0.06470392443013946
0.08234477807144965
0.08304798870702286
0.08534391803178039
0.08919500735943624
0.07267774011946977
0.09707839311224775
0.08773531368892049
0.10761709160785364
0.10654339825201185
0.11455175521086708
0.08910987827925317
0.11020641953567126
